                                                                        S      1
1H,,1H;,, 3H111,                                                        G      1
5HANSYS,22H  14.0      UP20111024,,,,,,,1.0,,,,,13H001102.141216,       G      2
1.0000E-04,,,,9,,;                                                      G      3
     116       1       0       0       0       0       0       000000001D      1
     116       0       0       2       0       0       0   POINT       0D      2
     128       3       0       0       0       0       0       000010001D      3
     128       0       0      12       1       0       0 SURFACE       0D      4
     126      15       0       0       0       0       0       000010501D      5
     126       0       0       7       1       0       0B-SPLINE       0D      6
     126      22       0       0       0       0       0       000010501D      7
     126       0       0       7       1       0       0B-SPLINE       0D      8
     126      29       0       0       0       0       0       000010501D      9
     126       0       0       7       1       0       0B-SPLINE       0D     10
     126      36       0       0       0       0       0       000010501D     11
     126       0       0       7       1       0       0B-SPLINE       0D     12
     126      43       0       0       0       0       0       000010501D     13
     126       0       0       7       1       0       0B-SPLINE       0D     14
     126      50       0       0       0       0       0       000010501D     15
     126       0       0       9       2       0       0B-SPLINE       0D     16
     102      59       0       0       0       0       0       000010501D     17
     102       0       0       2       0       0       0 COMPCRV       0D     18
     126      61       0       0       0       0       0       000010001D     19
     126       0       0       7       1       0       0B-SPLINE       0D     20
     126      68       0       0       0       0       0       000010001D     21
     126       0       0       7       1       0       0B-SPLINE       0D     22
     126      75       0       0       0       0       0       000010001D     23
     126       0       0       7       1       0       0B-SPLINE       0D     24
     126      82       0       0       0       0       0       000010001D     25
     126       0       0       7       1       0       0B-SPLINE       0D     26
     126      89       0       0       0       0       0       000010001D     27
     126       0       0       7       1       0       0B-SPLINE       0D     28
     126      96       0       0       0       0       0       000010001D     29
     126       0       0       9       2       0       0B-SPLINE       0D     30
     102     105       0       0       0       0       0       000010001D     31
     102       0       0       2       0       0       0 COMPCRV       0D     32
     142     107       0       0       0       0       0       000010001D     33
     142       0       0       1       0       0       0CURVESRF       0D     34
     144     108       0       0       0       0       0       000000001D     35
     144       0       0       1       0       0       0TRIMSURF       0D     36
116,0.500000000000E-03,0.00000000000,0.00000000000,                    1P      1
0,0,0,0;                                                               1P      2
128,1,1,1,1,0,0,                                                       3P      3
1,0,0,                                                                 3P      4
0.00000000000,0.00000000000,1.00000000000,                             3P      5
1.00000000000,0.00000000000,0.00000000000,                             3P      6
1.00000000000,1.00000000000,1.00000000000,                             3P      7
1.00000000000,1.00000000000,1.00000000000,                             3P      8
0.450354855985E-01,-0.903548559846E-02,0.00000000000,                  3P      9
-0.530354855985E-01,-0.903548559846E-02,0.00000000000,                 3P     10
0.450354855985E-01,0.510354855985E-01,0.00000000000,                   3P     11
-0.530354855985E-01,0.510354855985E-01,0.00000000000,                  3P     12
0.00000000000,1.00000000000,0.00000000000,                             3P     13
1.00000000000,0,0,0;                                                   3P     14
126,1,1,1,0,1,0,                                                       5P     15
0.00000000000,0.00000000000,1.00000000000,                             5P     16
1.00000000000,1.00000000000,1.00000000000,                             5P     17
0.459213211094,0.150413509528,0.00000000000,                           5P     18
0.907867889058,0.150413509528,0.00000000000,                           5P     19
0.00000000000,1.00000000000,0.00000000000,                             5P     20
0.00000000000,1.00000000000,0,0,0;                                     5P     21
126,1,1,1,0,1,0,                                                       7P     22
0.00000000000,0.00000000000,1.00000000000,                             7P     23
1.00000000000,1.00000000000,1.00000000000,                             7P     24
0.907867889058,0.150413509528,0.00000000000,                           7P     25
0.907867889058,0.849586490472,0.00000000000,                           7P     26
0.00000000000,1.00000000000,0.00000000000,                             7P     27
0.00000000000,1.00000000000,0,0,0;                                     7P     28
126,1,1,1,0,1,0,                                                       9P     29
0.00000000000,0.00000000000,1.00000000000,                             9P     30
1.00000000000,1.00000000000,1.00000000000,                             9P     31
0.907867889058,0.849586490472,0.00000000000,                           9P     32
0.921321109416E-01,0.849586490472,0.00000000000,                       9P     33
0.00000000000,1.00000000000,0.00000000000,                             9P     34
0.00000000000,1.00000000000,0,0,0;                                     9P     35
126,1,1,1,0,1,0,                                                      11P     36
0.00000000000,0.00000000000,1.00000000000,                            11P     37
1.00000000000,1.00000000000,1.00000000000,                            11P     38
0.921321109416E-01,0.849586490472,0.00000000000,                      11P     39
0.921321109416E-01,0.158736997396,0.00000000000,                      11P     40
0.00000000000,1.00000000000,0.00000000000,                            11P     41
0.00000000000,1.00000000000,0,0,0;                                    11P     42
126,1,1,1,0,1,0,                                                      13P     43
0.00000000000,0.00000000000,1.00000000000,                            13P     44
1.00000000000,1.00000000000,1.00000000000,                            13P     45
0.921321109416E-01,0.158736997396,0.00000000000,                      13P     46
0.454114862481,0.158736997396,0.00000000000,                          13P     47
0.00000000000,1.00000000000,0.00000000000,                            13P     48
0.00000000000,1.00000000000,0,0,0;                                    13P     49
126,2,2,1,0,0,0,                                                      15P     50
0.00000000000,0.00000000000,0.00000000000,                            15P     51
1.00000000000,1.00000000000,1.00000000000,                            15P     52
1.00000000000,0.707106781187,1.00000000000,                           15P     53
0.454114862481,0.158736997396,0.00000000000,                          15P     54
0.459213211094,0.158736997396,0.00000000000,                          15P     55
0.459213211094,0.150413509528,0.00000000000,                          15P     56
0.00000000000,1.00000000000,0.00000000000,                            15P     57
0.00000000000,1.00000000000,0,0,0;                                    15P     58
102,6,5,7,9,11,13,                                                    17P     59
15,0,0,0,0,0;                                                         17P     60
126,1,1,0,0,1,0,                                                      19P     61
0.00000000000,0.00000000000,1.00000000000,                            19P     62
1.00000000000,1.00000000000,1.00000000000,                            19P     63
0.00000000000,0.00000000000,0.00000000000,                            19P     64
-0.440000000000E-01,0.00000000000,0.00000000000,                      19P     65
0.00000000000,1.00000000000,0.00000000000,                            19P     66
0.00000000000,0.00000000000,0,0,0;                                    19P     67
126,1,1,0,0,1,0,                                                      21P     68
0.00000000000,0.00000000000,1.00000000000,                            21P     69
1.00000000000,1.00000000000,1.00000000000,                            21P     70
-0.440000000000E-01,0.00000000000,0.00000000000,                      21P     71
-0.440000000000E-01,0.420000000000E-01,0.00000000000,                 21P     72
0.00000000000,1.00000000000,0.00000000000,                            21P     73
0.00000000000,0.00000000000,0,0,0;                                    21P     74
126,1,1,0,0,1,0,                                                      23P     75
0.00000000000,0.00000000000,1.00000000000,                            23P     76
1.00000000000,1.00000000000,1.00000000000,                            23P     77
-0.440000000000E-01,0.420000000000E-01,0.00000000000,                 23P     78
0.360000000000E-01,0.420000000000E-01,0.00000000000,                  23P     79
0.00000000000,1.00000000000,0.00000000000,                            23P     80
0.00000000000,0.00000000000,0,0,0;                                    23P     81
126,1,1,0,0,1,0,                                                      25P     82
0.00000000000,0.00000000000,1.00000000000,                            25P     83
1.00000000000,1.00000000000,1.00000000000,                            25P     84
0.360000000000E-01,0.420000000000E-01,0.00000000000,                  25P     85
0.360000000000E-01,0.500000000000E-03,0.00000000000,                  25P     86
0.00000000000,1.00000000000,0.00000000000,                            25P     87
0.00000000000,0.00000000000,0,0,0;                                    25P     88
126,1,1,0,0,1,0,                                                      27P     89
0.00000000000,0.00000000000,1.00000000000,                            27P     90
1.00000000000,1.00000000000,1.00000000000,                            27P     91
0.360000000000E-01,0.500000000000E-03,0.00000000000,                  27P     92
0.500000000000E-03,0.500000000000E-03,0.00000000000,                  27P     93
0.00000000000,1.00000000000,0.00000000000,                            27P     94
0.00000000000,0.00000000000,0,0,0;                                    27P     95
126,2,2,0,0,0,0,                                                      29P     96
0.00000000000,0.00000000000,0.00000000000,                            29P     97
1.00000000000,1.00000000000,1.00000000000,                            29P     98
1.00000000000,0.707106781187,1.00000000000,                           29P     99
0.500000000000E-03,0.500000000000E-03,0.00000000000,                  29P    100
0.108420217249E-18,0.500000000000E-03,0.00000000000,                  29P    101
0.00000000000,0.00000000000,0.00000000000,                            29P    102
0.00000000000,1.00000000000,0.00000000000,                            29P    103
0.00000000000,0.00000000000,0,0,0;                                    29P    104
102,6,19,21,23,25,27,                                                 31P    105
29,0,0,0,0,0;                                                         31P    106
142,0,3,17,31,2,0;                                                    33P    107
144,3,1,0,33,0,0;                                                     35P    108
S      1G      3D     36P    108                                        T      1
